306.94
306.94
306.94
306.94
307.07
307.07
307.07
307.07
307.16
307.16
307.16
307.16
307.32
307.32
307.32
307.32
307.53
307.53
307.53
307.53
307.69
307.69
307.69
307.69
307.82
307.82
307.82
307.82
308
308
308
308
308.2
308.2
308.2
308.2
308.33
308.33
308.33
308.33
308.48
308.48
308.48
308.48
308.57
308.57
308.57
308.57
308.68
308.68
308.68
308.68
308.79
308.79
308.79
308.79
309.02
309.02
309.02
309.02
309.18
309.18
309.18
309.18
309.32
309.32
309.32
309.32
309.47
309.47
309.47
309.47
309.6
309.6
309.6
309.6
309.75
309.75
309.75
309.75
309.9
309.9
309.9
309.9
310
310
310
310
310.15
310.15
310.15
310.15
310.36
310.36
310.36
310.36
310.52
310.52
310.52
310.52
310.68
310.68
310.68
310.68
310.79
310.79
310.79
310.79
310.89
310.89
310.89
310.89
311.06
311.06
311.06
311.06
311.23
311.23
311.23
311.23
311.33
311.33
311.33
311.33
311.47
311.47
311.47
311.47
311.61
311.61
311.61
311.61
311.72
311.72
311.72
311.72
311.87
311.87
311.87
311.87
312.02
312.02
312.02
312.02
312.14
312.14
312.14
312.14
312.32
312.32
312.32
312.32
312.5
312.5
312.5
312.5
312.66
312.66
312.66
312.66
312.83
312.83
312.83
312.83
312.95
312.95
312.95
312.95
313.13
313.13
313.13
313.13
313.28
313.28
313.28
313.28
313.41
313.41
313.41
313.41
313.53
313.53
313.53
313.53
313.71
313.71
313.71
313.71
313.82
313.82
313.82
313.82
313.86
313.86
313.86
313.86
314.09
314.09
314.09
314.09
314.22
314.22
314.22
314.22
314.36
314.36
314.36
314.36
314.44
314.44
314.44
314.44
314.55
314.55
314.55
314.55
314.66
314.66
314.66
314.66
314.85
314.85
314.85
314.85
314.99
314.99
314.99
314.99
315.09
315.09
315.09
315.09
315.15
315.15
315.15
315.15
315.3
315.3
315.3
315.3
315.47
315.47
315.47
315.47
315.59
315.59
315.59
315.59
315.62
315.62
315.62
315.62
315.72
315.72
315.72
315.72
315.78
315.78
315.78
315.78
315.86
315.86
315.86
315.86
315.95
315.95
315.95
315.95
316.05
316.05
316.05
316.05
316.14
316.14
316.14
316.14
316.23
316.23
316.23
316.23
316.35
316.35
316.35
316.35
316.42
316.42
316.42
316.42
